l bez gravelu:
max_g0: 3.94682240486145
max_g1: 4.914195537567139
min_g0: -3.6945018768310547
min_g1: -1.677276372909546

l + gravel: 
max_g0: 4.771010398864746
max_g1: 2.704711437225342
min_g0: -3.6451849937438965
min_g1: -1.9134109020233154

o bez gravel 
max_g0: 2.164024591445923
max_g1: 0.7315293550491333
min_g0: -2.3725967407226562
min_g1: -0.6874672174453735